%YAML:1.0
---
width: 1133
height: 850
K: !!opencv-matrix
   rows: 3
   cols: 3
   dt: d
   data: [ 8.7490847540006666e+02, 0., 5.7116092950890061e+02, 0.,
       8.7521436378720637e+02, 4.1173791589341056e+02, 0., 0., 1. ]
D: !!opencv-matrix
   rows: 8
   cols: 1
   dt: d
   data: [ 2.6204268495245792e-01, -1.4120713701381944e+00,
       4.8450661249262275e-04, 5.6249769914238561e-04,
       2.2344495664474286e+00, 0., 0., 0. ]
