%YAML:1.0
---
width: 1133
height: 1133
K: !!opencv-matrix
   rows: 3
   cols: 3
   dt: d
   data: [ 1.1825153147205383e+03, 0., 5.6394231425211888e+02, 0.,
       1.1819918225250569e+03, 5.6934047980347646e+02, 0., 0., 1. ]
D: !!opencv-matrix
   rows: 8
   cols: 1
   dt: d
   data: [ -5.4264187367968536e-02, 4.8796207203830733e-01,
       -3.1828334736903676e-05, 7.6443578929816529e-04,
       -1.0692248342314739e+00, 0., 0., 0. ]
